1 (1, 127, 65) (1, 127, 65)
2 (0, 125, 115) (0, 125, 0)
3 (0, 127, 7) (0, 127, 65)
4 (0, 126, 110) (0, 126, 0)
5 (0, 128, 184) (0, 128, 0)
6 (1, 127, 241) (1, 127, 241)
7 (0, 127, 138) (0, 127, 241)
8 (0, 127, 97) (0, 127, 241)
9 (1, 126, 56) (1, 126, 56)
10 (0, 127, 126) (0, 127, 241)
11 (1, 127, 117) (1, 127, 117)
12 (0, 127, 5) (0, 127, 117)
13 (0, 125, 47) (0, 125, 0)
14 (0, 126, 220) (0, 126, 56)
15 (1, 126, 182) (1, 126, 182)
16 (0, 128, 108) (0, 128, 0)
17 (0, 126, 150) (0, 126, 182)
18 (0, 126, 216) (0, 126, 182)
19 (0, 126, 62) (0, 126, 182)
20 (0, 126, 106) (0, 126, 182)
21 (1, 125, 172) (1, 125, 172)
22 (0, 126, 112) (0, 126, 182)
23 (0, 127, 100) (0, 127, 117)
24 (0, 125, 7) (0, 125, 172)
25 (1, 126, 151) (1, 126, 151)
26 (0, 124, 43) (0, 124, 0)
27 (0, 128, 138) (0, 128, 0)
28 (0, 126, 59) (0, 126, 151)
29 (0, 128, 117) (0, 128, 0)
30 (0, 126, 140) (0, 126, 151)
31 (0, 128, 210) (0, 128, 0)
32 (0, 127, 189) (0, 127, 117)
33 (0, 125, 109) (0, 125, 172)
34 (1, 126, 222) (1, 126, 222)
35 (0, 127, 124) (0, 127, 117)
36 (0, 128, 88) (0, 128, 0)
37 (0, 126, 117) (0, 126, 222)
38 (1, 126, 58) (1, 126, 58)
39 (1, 125, 204) (1, 125, 204)
40 (0, 125, 209) (0, 125, 204)
41 (0, 127, 21) (0, 127, 117)
42 (1, 125, 3) (1, 125, 3)
43 (0, 127, 159) (0, 127, 117)
44 (0, 127, 17) (0, 127, 117)
45 (1, 126, 69) (1, 126, 69)
46 (0, 126, 116) (0, 126, 69)
47 (0, 126, 98) (0, 126, 69)
48 (0, 127, 48) (0, 127, 117)
49 (1, 127, 53) (1, 127, 53)
50 (0, 126, 209) (0, 126, 69)
51 (1, 127, 184) (1, 127, 184)
52 (1, 127, 180) (1, 127, 180)
53 (0, 126, 249) (0, 126, 69)
54 (0, 126, 132) (0, 126, 69)
55 (1, 126, 147) (1, 126, 147)
56 (0, 126, 161) (0, 126, 147)
57 (1, 126, 224) (1, 126, 224)
58 (0, 129, 219) (0, 129, 0)
59 (0, 128, 106) (0, 128, 0)
60 (0, 126, 2) (0, 126, 224)
61 (0, 128, 246) (0, 128, 0)
62 (0, 127, 43) (0, 127, 180)
63 (0, 128, 130) (0, 128, 0)
64 (0, 126, 88) (0, 126, 224)
65 (1, 126, 49) (1, 126, 49)
66 (1, 126, 170) (1, 126, 170)
67 (0, 126, 223) (0, 126, 170)
68 (0, 127, 4) (0, 127, 180)
69 (1, 125, 200) (1, 125, 200)
70 (0, 129, 54) (0, 129, 0)
71 (0, 128, 88) (0, 128, 0)
72 (0, 125, 175) (0, 125, 200)
73 (0, 127, 185) (0, 127, 180)
74 (1, 126, 43) (1, 126, 43)
75 (0, 127, 153) (0, 127, 180)
76 (0, 128, 94) (0, 128, 0)
77 (0, 126, 154) (0, 126, 43)
78 (0, 128, 227) (0, 128, 0)
79 (1, 126, 10) (1, 126, 10)
80 (1, 126, 221) (1, 126, 221)
81 (0, 127, 157) (0, 127, 180)
82 (0, 126, 96) (0, 126, 221)
83 (0, 127, 68) (0, 127, 180)
84 (0, 127, 144) (0, 127, 180)
85 (0, 126, 201) (0, 126, 221)
86 (0, 127, 3) (0, 127, 180)
87 (0, 127, 226) (0, 127, 180)
88 (1, 127, 61) (1, 127, 61)
89 (0, 126, 42) (0, 126, 221)
90 (1, 127, 190) (1, 127, 190)
91 (1, 127, 248) (1, 127, 248)
92 (0, 126, 75) (0, 126, 221)
93 (0, 126, 166) (0, 126, 221)
94 (1, 127, 2) (1, 127, 2)
95 (0, 126, 115) (0, 126, 221)
96 (0, 128, 16) (0, 128, 0)
97 (0, 129, 28) (0, 129, 0)
98 (1, 126, 158) (1, 126, 158)
99 (0, 125, 169) (0, 125, 200)
100 (0, 126, 138) (0, 126, 158)
